rep,id,eta_CL,eta_Vc,eta_Q,eta_Vp,eta_time0,eta_kt
1,1,-0.49497854206503,-0.345729771597472,-1.93467075833488,-0.834319895735082,0.0856796118037179,-0.331843019503239
2,1,-0.429115352581894,-0.0273443012216501,-1.72626954070982,-0.700574959757854,-0.0343826285311383,-1.08541540974051
3,1,-0.590300270328635,0.0852147771862532,-1.19396622633516,-0.165084318085777,0.0365240430864877,-0.213756358268198
4,1,-0.470328485593421,-0.070282847241665,-1.24150405333519,-0.234202705234881,-0.0502318317996327,-0.659717999468681
5,1,-0.400917456605039,0.00306612222707933,-1.52499620138715,-0.494998481900173,0.00828882540173753,-0.818266749231309
6,1,-0.40890444654363,0.290718500775701,-2.01673493037544,-0.965060278711592,-0.0871419376812992,-1.43329587769124
7,1,-0.288395472843638,-0.0486089784587846,-1.52559697564502,-0.478134340894326,0.0915796673646339,-0.598313612569423
8,1,-0.521710445224787,-0.160872530272133,-1.45034466919171,-0.419998895564032,0.0878551061780009,-0.170700790844645
9,1,-0.480079507733138,-0.363655253108459,-1.66789579448962,-0.560012512056071,0.0471893808065878,-0.2492322840502
10,1,-0.532744480448721,-0.3725273002149,-1.6330240648571,-0.534371716425133,0.0210547581474693,-0.30896310836391
1,2,-0.508398332218019,-0.190405383527155,-1.95381728776635,-0.756784597583491,0.0982758593902734,-0.0784430152632238
2,2,-0.446019881721838,0.00888735590695554,-1.95466639728233,-0.790701802931582,0.0827730876524148,-0.454080292421213
3,2,-0.557714674540296,-0.485024807827809,-1.17158461975459,-0.0498411902471449,0.129980543320415,0.912475753988032
4,2,-0.526298209739088,-0.328558639706381,-1.12145400407262,-0.00503136832479988,0.0936987837199934,0.554825968213835
5,2,-0.508453692217747,-0.0650209949659185,-1.67793409880184,-0.523323529475054,0.0841786539583188,-0.0730474970535661
6,2,-0.530274661010729,-0.8194707305273,-1.58079885863105,-0.386576163313651,0.133306507448017,0.802592304343258
7,2,-0.450915591504107,-0.486474782209413,-1.48226957987244,-0.406785586414715,0.0586650858700562,-0.171197233432592
8,2,-0.53622164515339,-0.379081336590637,-1.47926527885165,-0.346598860633147,0.105543938458267,0.289644524472503
9,2,-0.344547314388982,0.0731294229153933,-1.53706550811232,-0.42295386175817,0.115130304131885,-0.191100876891663
10,2,-0.552801006397132,-0.293490804401257,-1.90519984825388,-0.779344058893383,0.0720151474330026,-0.38090545361732
1,3,0.829475291902164,0.163795548724263,0.936701267823605,0.825480407837217,0.0917407956343847,-0.0738867431597714
2,3,0.815849468720563,0.603596119782645,1.23651949793728,0.753140438508042,-0.0480266023763304,-1.07204900727644
3,3,0.7610747450662,-0.196720691902001,1.00582721989821,0.76476741312875,0.0641161026690822,-0.0646724831565118
4,3,0.799988067574656,0.462113545873813,0.702247015054814,0.575981934543704,0.140000090743249,-0.394260605493309
5,3,0.821634743644506,1.07332130598791,0.497892393031873,0.399802924179137,0.0396665971495139,-1.13571092943531
6,3,0.784160902373817,-0.309545386643888,1.07042705198625,0.850597383178141,0.0703444710610034,0.214984103625792
7,3,0.832814172104879,0.470479174492051,0.949319543686972,0.698804971266211,0.0451370860999154,-0.671597316855591
8,3,0.853860170435805,0.963727960288011,0.35322903777745,0.118935974084416,0.0281129459035072,-1.51614036726311
9,3,0.732581002970671,-0.248630844800605,0.554756440745881,0.550524819164453,0.209177058886923,0.516809178315599
10,3,0.688777757322408,0.111306000664937,0.581931204743108,0.551477326144033,0.0918415918358764,-0.159756715634131
1,4,0.775236338700237,0.544963389685981,0.308769240512648,0.350009185211784,0.152486352231384,-0.389374900302279
2,4,0.762348062539271,0.395199554697559,0.543984979266555,0.541523161280437,0.103260120755298,-0.361124695850011
3,4,0.883342045570864,-0.086510813182716,1.32302144048929,1.05555382831797,0.0542091537890849,0.0863576586903172
4,4,0.838195929275817,0.923521793545895,1.27244782893703,0.695473247696991,-0.119877971308338,-1.46118431160732
5,4,0.876982474403171,0.366487762411108,0.92644012070584,0.837438985308442,0.0728418791851104,-0.195587803413215
6,4,0.6918561410302,-0.837838594596429,0.890171312854824,0.720020466222276,0.12276645457581,0.719259209488975
7,4,0.810145240228581,0.477533894169199,0.745517876966005,0.64429588409237,0.0694974842013767,-0.517106161474676
8,4,0.844704955684138,-0.567451881957449,1.11596559737804,0.997647119468064,0.110388468970798,0.76144433530831
9,4,0.788812522334574,0.072186656418604,0.790269289830486,0.74681010746567,0.154763645757081,0.214155911133587
10,4,0.784503898903555,0.376550631109006,0.63533178271348,0.577245119805834,0.0937693069166112,-0.419474652700699
1,5,-0.528648996509827,0.590814854133577,0.0950818169287094,-0.0322693764303242,-0.126534285305081,0.364475639978651
2,5,-0.308727834983167,0.324853717220501,0.0885432810911114,0.0149082622540863,-0.0705650295228299,0.8143073392753
3,5,-0.0688551280827004,0.170256266903512,-0.178576501854542,-0.149512231168877,-0.0117919657046278,1.69833248231992
4,5,-0.139248700747766,0.303580694448951,-0.290355451844314,-0.257982549006487,0.0244799013708043,1.85811576097868
5,5,-0.215857813675208,0.210509669354919,-0.418795809163387,-0.321979711601681,0.00855382727719351,2.20426434593341
6,5,-0.181785618829703,-1.48517896729509,3.50682493322105,0.405895936903776,-0.26969130678646,0.217091203407979
7,5,-0.177780270927744,-0.107085838168942,0.420224581711426,0.173066825263611,-0.11247455188409,0.602480164902783
8,5,-0.593165512282283,-0.108503749340561,0.616794091321387,0.502693602697063,-0.0758256131004703,1.55984671822697
9,5,-0.285860363057645,-0.451633261864962,0.733515358248003,0.217564702444256,-0.158135186447431,0.311862952581586
10,5,-0.549715008314219,0.613530023908712,0.0950818169287094,-0.0322693764303242,-0.123994110796928,0.364475639978651
1,6,-0.133195136672783,0.177121475574691,-0.61673418296464,-0.528849596086247,0.0635644380018607,2.40610710994092
2,6,-0.288594204390244,0.742974771754753,1.02453009224056,-0.734145942136228,-0.293308966795877,-1.61533757043589
3,6,-0.0990862882775308,0.258633466702562,-0.422187149482525,-0.365845911062999,0.0183227959732155,1.78268527858486
4,6,-0.109279303433234,0.328747842935146,-1.10676895557343,-1.03440741830331,0.0389174472339502,1.38289133674883
5,6,-0.334796681606799,0.0745812340013875,0.314875400708587,0.268686669773258,-0.0416643201192807,1.64646006408815
6,6,-0.110290721328863,-0.0229944357039402,-0.28934892847726,-0.228764996596284,0.0221575670089088,2.14694461283814
7,6,-0.399311494582156,0.328104761637923,2.65603158719648,-0.962634832754069,-0.328406945328382,-1.69506106532872
8,6,-0.118087740487387,0.507987300687266,-0.728379977513547,-0.640036041544459,0.0112991748578704,1.5040451937445
9,6,-0.063716656695706,0.385861352873772,-1.09387994260923,-0.985252580977754,0.067106556780915,1.86641034214933
10,6,-0.220344794550306,0.45018100326401,-0.697694478298616,-0.58971082618258,0.0639557085299021,2.34222252566271
